4.1300
6.1470
10.0820
12.0160
18.0510
20.0350
22.0700
23.9700
25.9540
33.9740
35.8250
37.8920
41.9600
45.8780
47.9120
49.7130
51.8140
57.8330
67.5860
69.6700
71.5540
73.5720
77.6900
79.6240
81.4910
85.5100
87.5600
89.4440
91.4280
95.4800
107.3510
121.2230
125.2570
127.1250
131.1760
133.2100
135.0780
137.1290
139.0790
145.0310
147.1160
151.0500
153.0840
155.0180
162.8050
166.7730
168.7570
170.9240
172.8420
176.7600
182.8450
184.7790
190.6650
194.7330
198.6680
202.6360
208.4710
214.5570
218.4080
224.4110
228.3620
238.2820
244.2180
246.1850
250.1700
258.0900
260.0740
262.2080
263.9920
266.0430
269.9440
273.9620
275.9630
279.9140
285.8830
289.9510
295.9040
297.9210
299.8380
301.8890
303.8730
305.7740
307.7250
309.7590
325.6810
327.4820
331.4670
333.5170
337.4520
341.5040
349.3900
355.3590
359.2430
361.3940
363.3280
365.3460
371.1650
375.1990
377.1500
385.0700
393.0560
394.9400
400.9420
402.9760
410.9790
412.9630
414.9310
424.7510
426.7850
438.6390
440.6230
442.6070
446.5420
448.6260
458.5300
462.5150
466.5330
468.4000
474.4190
480.2550
482.3550
484.3230
486.4070
492.1760
494.2430
496.2610
500.2950
504.0630